# landmark_id
# x y z
# uncertainty

10
1.090350354106786, -3.712638673985047, 2.974689560345327
7.163415030459063e-05, 7.143307233484319e-05, 7.093135134990287e-05

8
-1.5953212075778875, -4.669849424930112, 3.000344477842058
8.215019411907301e-05, 8.192484467641866e-05, 8.162409347406836e-05

1
0.1252247675422243, -3.4745205307959846, 2.983973793174553
7.947284104394476e-05, 7.928570396745056e-05, 7.893329752902453e-05

5
3.1649092816077475, -5.011796779221856, 2.9074876514674806
8.843900437682992e-05, 8.82427964152331e-05, 8.802129226522033e-05

9
-0.5728812746229731, -6.310703969469638, 3.0587367133580177
7.436909873423852e-05, 7.413835928890261e-05, 7.370716381466824e-05

7
-3.3321762087643907, -5.247871508187213, 3.0640647265740526
0.00010167558269710329, 0.00010150126455053112, 0.0001014182060685106

3
0.6236618627727115, -4.938024054369009, 3.034350734649667
7.234865582356282e-05, 7.21357749536849e-05, 7.166071862100179e-05

6
1.5102883634696391, -6.860759526555096, 3.0422757911113982
7.492887685186674e-05, 7.475306430030607e-05, 7.42912483306635e-05

4
-2.174022884159502, -5.955700505293579, 3.038227325741165
0.0003539531654935089, 0.0003519494943685639, 0.00034898793856994

0
2.1882029897125213, -5.713036037168276, 3.0127479267396864
0.00017940621735035037, 0.00017860966691530874, 0.00017625580001276358

11
3.8075395413247635, -6.198743048725063, 2.882836606651883
0.00026842793757270714, 0.0002673272732676239, 0.0002643252913716939

2
-0.890050132398181, -3.0797369455042864, 2.9317517050183834
0.0017698904095511652, 0.0017649247290055445, 0.001755060194351291

